1278
80763
761
219348
25975
2014
6696
1397
1490
22822
1880
171024
1520
80114
115207
151887
22918
389136
8542
7045
25878
2982
2335
7076
5396
4069
8076
3512
10402
3429
83442
712
474344
9457
8470
7037
1291
57863
11098
64102
3659
285
27319
338382
10457
84803
1303
91607
1030
58494
3689
3841
84140
330
10439
64231
713
7450
2162
5803
1368
4883
10157
10875
9976
10345
9021
4919
2487
8828
5175
11075
23022
9308
23328
3113
2920
80310
26136
81035
51765
1959
2752
4131
5140
257194
11001
1043
241
90865
57452
6039
54504
83483
83856
157
26509
5209
6355
3576
360
51155
2730
8825
9332
83988
219972
83595
1462
6095
32
6840
55137
79689
51747
57568
129607
2207
9770
168451
378938
10346
714
5159
85379
23286
6591
10154
10891
4318
490
6347
28959
7262
4982
1602
1902
6096
55740
55876
80760
4854
219736
9180
5654
10390
10203
10437
286205
59345
4071
1513
84912
253559
55858
5318
1292
90799
1290
1230
55790
4332
4929
2296
340719
91947
9208
91694
3992
3017
6271
24145
11261
6424
8614
6423
8839
4053
71
9314
3417
397
2149
3290
220
201562
894
3569
79614
11096
7107
6280
115908
2246
85364
715
8714
10894
6470
2123
4313
81573
7058
1116
55240
7846
3487
91746
4542
79611
85477
1193
5743
94
23411
221687
25903
6279
351
5136
79627
200162
5224
3489
5164
30851
9510
80321
7170
3394
80208
50507
2239
51330
4147
6641
5341
7851
79832
5138
29028
23235
131583
3162
10170
2124
170689
2947
2113
79772
4155
81832
25890
6362
135932
311
4060
388135
170575
57538
54331
28970
55568
1396
5214
5926
4638
3488
51363
1286
771
7805
55711
80206
10767
6035
4886
51313
79739
165
3557
55033
115677
4323
55812
3242
7003
27085
9931
51705
3437
6772
5360
9871
54510
2328
25957
1901
9420
89891
284443
57396
5734
7422
64167
83938
781
8870
6275
2532
338
341
7171
57458
4522
6401
283450
650
10168
2533
57691
23604
57124
9194
963
8660
5493
83690
7791
7056
1117
2359
2
285704
2669
10655
8821
5774
3751
5473
84935
2998
286133
55599
6480
3553
2921
114800
6624
90957
440423
26579
2681
51816
387763
5166
440279
2222
2760
4081
55111
7123
3043
27286
3430
347733
1359
25849
79608
170463
800
6192
4907
11057
55250
960
633
3059
727
26084
9046
9353
10003
2316
123036
1009
4925
859
91663
947
26227
7345
1021
2662
972
31
116843
7108
5207
3643
80896
53616
4481
10631
79818
3398
5996
4705
7128
8556
23176
23263
9236
64881
91608
1728
51704
26468
6164
6434
2978
8287
3606
10675
1978
26064
56654
22999
23423
2788
154810
2743
23150
152007
91624
57333
55268
59277
9743
2744
3157
5105
83716
50509
23348
55784
9535
119587
4082
8038
1545
56992
51091
64115
26115
9590
116535
11149
137872
257019
25936
6674
64110
58517
5101
962
5806
54625
55578
1519
79812
147372
80704
55228
23414
57821
147463
128346
25942
55332
55186
26275
60560
8756
4856
7280
1459
285761
80014
54749
2122
467
2235
84668
65985
1012
22797
122622
760
375033
55917
4067
2055
928
64407
55333
3280
3625
729
345462
2617
2720
3739
6817
23239
379
6667
51338
57380
30061
55206
11270
5795
27443
7086
6542
4939
10124
3001
597
22850
151613
80705
27115
256691
348995
2180
84289
23469
64123
55313
119559
22839
3344
7102
220002
10400
3667
744
5837
9228
7057
8999
1629
1601
8404
84034
55320
1509
84230
285172
6525
91653
5791
54
3920
23603
9
79789
5465
22876
6241
1123
10085
3131
9213
79022
3312
51365
29934
5329
5592
6309
6364
10915
2891
55589
222194
400961
126321
814
23383
23231
6363
55365
4651
6514
23161
23171
7412
1536
5787
3073
160335
8805
79819
151195
7779
29094
51087
2000
93663
57495
55379
28232
79742
1066
8502
80380
57552
1374
4222
10564
5992
966
5577
5920
1773
9188
22853
3075
152831
9364
4643
53826
5865
10142
2896
114571
4016
2350
9509
64359
57198
148523
347
4969
2066
80304
79613
112942
26031
51673
5696
56648
160857
5567
11031
79943
1847
6004
3486
22943
153572
1894
7373
6695
83871
9994
9060
4240
11185
114818
10773
6648
80146
54941
90338
8658
8566
7026
683
2177
3696
79191
256586
3485
316
441212
51063
1027
2114
56920
9242
83743
51554
5618
4594
1105
149986
162681
7169
80267
85012
80853
84901
11064
51279
3909
1281
22987
7122
3759
23511
27324
143941
55022
57085
96764
9697
5534
10840
11080
284611
3148
7291
253782
23175
65124
2770
84329
1910
2212
55341
3658
56903
81553
55959
80055
1844
6330
169841
5627
8662
114785
7378
25999
165215
120
10351
57678
79828
8796
2914
200734
85363
7769
3678
4217
54810
25932
81627
284370
4033
221895
23764
639
5922
51085
140862
8519
92126
51385
1003
55081
9860
23248
51164
1446
10207
84102
9435
1747
3767
673
57493
123920
51592
10865
117289
4012
54800
100131211
83878
10052
4430
598
2120
55900
93550
83478
55198
100130717
133396
6646
161742
4190
84461
5194
201161
25941
23012
2318
23136
10240
3216
30835
822
6549
254778
11170
1588
340024
115123
80700
56986
51177
23406
51477
5082
83930
2861
155038
2635
2200
64782
901
56259
3683
4940
3708
29931
1153
54431
9997
1111
1068
2889
126075
7700
8840
337876
4005
79646
5139
9972
1191
5954
56262
8543
51129
10783
5911
10673
22866
6671
4837
229
4144
29929
51267
2191
11262
8622
1956
9448
3134
79933
7150
2194
55247
57683
54497
53346
6629
51588
2491
246269
6326
9124
8653
3419
5998
51422
2016
3418
83888
84071
7546
55531
25927
3090
636
55699
161198
203447
3383
7077
2054
172
4801
9852
84622
9934
5324
10585
570
57465
54790
7166
137075
116159
7644
5106
11016
65986
643641
5880
9369
142684
3433
84826
92935
1739
7125
9619
81
1436
403340
55972
2274
146760
23357
3595
120114
1833
144404
1954
89876
6801
79800
51148
56944
4188
476
9397
5239
719
197257
221749
127435
55106
1803
9037
2558
23259
6515
4593
10800
26154
25836
8869
10818
51438
3416
9627
55266
51562
6322
1672
8515
29841
7010
9330
1277
4792
10243
3371
8987
115361
54407
80216
57535
3479
124808
57486
54014
54704
5091
117
84215
9495
57584
51291
34
8974
9262
9371
338645
53833
5573
8204
4719
84976
148867
6711
219285
2326
151056
4134
54956
84281
79633
2355
114609
3482
140809
889
57698
84542
1979
7133
22847
9158
5613
146223
79898
11006
5514
346157
3977
646113
112755
57599
5973
51450
50856
3428
1072
152006
55026
26036
6357
8647
60487
4799
113146
8284
3600
114880
9694
55704
8792
8673
6310
11214
6868
23305
374618
54958
4810
5290
168667
1645
1404
4214
283298
23473
395
6373
58
81844
8526
64785
7289
57415
56938
1948
1164
1268
93109
11259
4774
221830
23389
55068
83752
3656
253635
117143
27125
89781
9019
51162
50810
83643
6945
5337
23704
9360
3710
286826
2290
57471
166
51703
58508
26157
29761
126669
134466
7070
11227
253832
4066
23313
283078
8671
7762
5205
9531
92822
4194
5116
92799
3587
83992
290
56929
5494
84823
23042
50618
85458
26011
7227
1373
64332
5569
2534
3267
55652
54885
92162
5179
201626
204
7461
10396
10005
3766
255877
8536
5198
259266
4175
1031
6281
55862
23360
60528
84272
25802
57589
1879
90550
64321
9001
364
93621
8424
84146
148170
58473
254102
440730
6902
8809
627
116362
84131
90871
196385
3251
84886
79147
26092
9079
10144
27289
4707
114036
118788
8537
84706
2258
11329
8087
7753
57559
54996
2869
10491
26996
116236
3281
22885
1075
1271
8814
59342
10553
9595
11221
10418
91107
7130
246330
3843
79071
22926
91875
114294
7468
56243
64780
7100
1608
2701
4773
10184
27253
55288
132671
50506
57664
154467
84663
5196
55728
51599
115330
84196
84749
994
58500
26039
9422
7472
2923
124976
595
9473
1466
7087
3911
58191
221981
6909
56946
9168
51046
2004
91433
147
91801
3983
9331
2781
140901
4316
222236
51496
2220
149708
9263
2307
55644
64236
6660
84515
6398
84942
53947
4900
5551
9499
5054
346007
55343
9452
6776
4916
5163
28984
3937
33
11201
440556
23347
79893
157285
5583
3948
57103
116442
51386
2070
3654
7404
29950
10186
84948
79966
135228
23456
7018
80724
3187
2170
2549
2828
160897
9056
10628
26018
23211
64421
9406
1107
4664
1503
130340
283392
27133
28966
8780
8224
393
84186
89978
23431
152815
84059
56901
84988
57558
1807
83998
84311
3693
387882
93627
60558
84188
79925
10602
10008
200916
10950
339390
6925
221061
23122
9318
6871
26054
4233
10272
52
441150
2022
9512
3682
1307
80315
51645
54862
6910
22856
80830
54947
867
154807
199870
25831
5649
152926
728294
55680
64783
64067
83452
11309
25875
5684
10766
55635
196
8499
7533
56911
3725
258010
51809
8428
6285
6097
3423
8934
1827
688
84552
254228
11284
114801
8797
6789
92241
55273
143686
55803
1152
10205
376940
55780
5420
58528
27430
5334
389
257218
282991
23307
7162
81027
90507
121053
4851
3852
5031
56129
6597
23186
57110
64795
6517
83853
6236
90627
54843
654
2077
215
5914
51380
4046
10512
84709
4803
114905
59271
50861
4192
7103
91351
991
261729
3104
5925
10725
8685
55317
54816
51284
23392
163702
55553
4676
128653
160418
133308
5724
130497
81848
90075
4628
5271
8879
3796
94103
5585
6774
50859
1240
115992
55852
23780
387914
10611
168537
26049
7991
2877
116496
10174
8483
2043
11011
55008
23284
5320
5328
112399
57561
11019
6009
9830
9891
2038
54714
8633
64838
22848
183
84152
64131
79699
83982
496
7135
56894
10480
54108
64419
4282
845
201627
22836
9677
665
7485
11320
3680
130162
10617
23240
253430
79180
5937
9218
64761
7337
23014
4363
57758
132001
64116
55075
92906
9975
85313
9749
145270
10555
23327
117248
199745
51735
286343
285331
730
9674
26751
133
196441
2650
23646
11276
51619
26469
54874
6793
10940
399904
1296
9961
558
83737
9200
2643
6770
65979
143187
79572
79365
56829
10549
5910
85441
7852
2299
81566
2519
57190
9657
55284
10383
23450
23216
114876
1131
1048
9833
10444
84624
9636
2764
5930
1832
92999
29108
55007
8407
3006
7507
59343
6249
5586
84677
203522
91775
2588
9671
3400
6385
168455
84166
5525
132141
9588
256764
8455
10979
26053
55374
4520
347344
23670
23253
9563
25854
54733
79109
25793
84456
285780
57624
79026
283471
85015
409
23081
950
90007
8682
25788
51208
1759
10425
51293
120526
126375
10859
26061
22998
528
51278
23137
112849
84343
3087
79796
414
10130
10599
10308
56256
57478
1960
6822
23251
283377
80071
58527
6574
10769
3164
3713
23522
8777
6655
26512
64434
10090
79730
23659
23543
2275
10626
23506
79085
10509
64651
55666
55319
285590
92259
4626
157657
283554
54677
10451
2564
80323
23034
9926
27439
7127
92292
10494
5067
5535
8562
113
6446
54072
55806
2888
1512
84928
2801
2983
27252
30010
84838
9805
8798
196374
284757
6555
7112
51196
55719
8110
9351
10613
9466
23467
10456
4477
2887
4795
3748
55037
200879
4151
9848
4842
115548
1942
147699
7874
148266
7363
56899
84897
168374
401052
5877
6400
3563
9530
4317
9469
201895
5118
22898
53836
81786
8452
1630
150094
9834
54675
5273
10881
64859
10019
11178
128866
284654
63916
4913
8703
29068
6505
4921
29906
951
83440
146894
5579
26098
11102
1060
9987
79805
5008
57336
25879
10221
2676
869
284
56675
7942
23753
4534
23148
79016
92293
51569
79987
11166
55504
9368
285382
85463
10548
10681
10287
55000
137994
59339
55239
27151
4478
340061
169611
2796
3760
388531
64965
9970
79811
137196
79940
56204
4686
55041
64432
83666
3308
7436
6687
54020
51236
10294
190
9361
4603
4881
7075
382
7011
10298
5783
79609
9392
9227
286499
54796
55612
1088
1830
3156
10261
84171
57379
481
23479
5538
54870
23274
7869
10234
400258
3916
387590
55002
338811
1001
9246
137362
83446
2058
4985
1475
79963
3956
6650
619279
147948
55841
79727
7060
7356
55816
129642
10153
5651
79656
1839
6764
7703
9690
8877
7728
4121
593
2893
51742
79883
23593
9282
92181
2131
51150
79674
22905
143425
84926
54982
55082
79896
5145
3929
9856
79642
27034
9283
83990
8288
3091
57214
23285
7272
253558
84541
57639
8611
113402
51275
3687
25758
2615
169270
3566
680
83892
196527
3775
54549
8864
131076
51421
441478
3231
81620
6786
51299
5058
1992
4352
22986
5208
114821
64386
2011
13
55843
342667
79839
7385
11169
85027
28992
83473
12
4868
6812
902
57205
64969
23160
57820
1415
8600
79695
2571
4330
5243
168544
54806
1946
2049
2202
55733
2644
3567
84100
6616
3712
307
10392
81849
9967
56548
84902
10066
388699
2769
5451
57763
64221
11245
5291
79829
51303
3347
90317
51201
412
58525
22891
53829
25913
6123
199223
23230
51377
3275
9400
102
54661
3824
79576
860
9890
284808
122402
25923
9493
55744
56892
6327
10544
143471
84879
6906
25797
56983
3293
10581
55662
4037
4601
1431
8826
8644
51360
58486
29072
53834
54904
64770
284273
26047
23032
84125
100289635
285016
7168
57159
2153
376412
1317
25992
138311
149466
50807
286148
3384
10421
874
199704
5094
10001
594
149954
3554
291
5155
9212
57498
27304
51203
4644
115004
5053
4283
84898
56158
153643
23394
5993
28951
10443
23080
165918
3745
55011
25945
112574
7042
2835
79725
3613
135112
55713
54732
7691
288
9640
4547
1793
124221
57182
4926
54962
79048
55969
26524
2250
51497
359948
55768
55303
57787
28962
3669
11199
839
2353
23366
5372
54665
4502
5289
127733
5738
219699
9722
22868
63929
3426
1961
5788
8694
202018
58189
7534
79183
132851
23380
118421
1306
118672
6372
27229
55291
10802
1407
3902
57231
54148
8525
50512
287
6775
26156
1776
55450
114825
5470
152573
27351
7252
10521
9315
83872
10249
11094
10475
79781
666
387758
285367
79095
81575
306
84947
2957
23059
23318
2217
55167
375295
151871
729440
5979
5170
22901
8322
51000
64101
128077
219931
140606
64135
5885
1659
10370
2042
2006
63940
404201
2618
23580
5251
79192
53335
8835
1733
6999
170692
4820
4811
3484
4607
55705
27232
84060
6832
341567
10695
1393
115201
81889
145508
3008
1185
2590
53405
7175
200845
65065
1272
6156
253982
121551
3671
114804
84678
150
140564
23145
7481
4724
10063
5997
56981
30837
1360
10501
9260
5924
10699
266629
439921
50964
54102
2494
10197
4723
55683
83593
59350
79009
2797
25782
9256
7288
57096
10129
25998
9086
51068
60401
260293
6208
23645
285362
60314
55023
57706
55145
55001
286207
51339
134548
51348
338773
83953
57181
3202
79709
11215
150368
145497
51154
79726
5169
140881
51762
103910
26586
155
6252
92691
55831
199731
6340
257106
7068
22889
286042
411
124535
7164
8544
55658
55236
134266
126353
622
4808
11138
26013
85236
143282
10781
6429
2205
9247
26353
132720
158405
85439
152789
3799
10652
9541
83862
90488
5547
85021
79705
25865
50940
6839
55754
10318
10785
10371
8924
284323
9414
23200
788
1891
91687
7347
4223
91851
84934
51179
22906
114885
56922
10025
9878
10516
24149
5596
283578
83699
5553
125488
83706
57381
664
5092
114791
4760
6913
8632
487
79746
898
1607
51560
8601
147746
64288
163087
3030
9866
92806
11055
55244
57419
5055
3014
1850
91179
9757
122481
286075
148362
8688
4487
10409
5464
26167
10146
84955
51138
10845
51082
57578
652
145741
4637
64599
54482
284098
374868
7090
11081
5218
55293
91614
84255
283635
11113
7701
9491
10930
54058
440173
151647
57545
1044
9235
56895
47
5272
9877
55193
10127
10567
157753
10763
50636
84417
4191
9771
699
84856
5898
55328
38
80727
5468
10590
8874
340267
26289
56977
6768
10110
2199
79714
1287
84627
64978
94015
23179
80778
6582
7353
3213
8910
157922
3777
6000
374291
84000
4782
54928
51761
51020
6276
339559
6452
642273
1656
3559
55503
4017
51222
64708
4953
25825
25912
133584
9991
153
135138
9023
643837
10075
1439
1690
9258
56123
7089
79841
6001
7465
57690
3597
399694
55526
64776
10793
7182
51070
55294
80205
429
83852
84128
3836
2956
285636
10478
10577
57636
53904
3619
158056
267002
92270
57824
55600
171425
3055
4008
9277
80318
10100
284612
8638
113655
83863
1378
90441
256051
6678
3225
133418
140628
23198
53832
3135
6691
23082
466
54976
8661
112487
84109
286257
163786
786
2516
10059
84243
79745
7035
54765
64805
145581
1363
374659
79659
152992
5142
262
79836
57154
83987
5866
148738
27440
220164
64748
55536
151246
57480
1892
284071
1017
60484
55120
10247
8745
10717
84662
5311
10382
4703
158763
7248
6496
4277
6900
1192
27067
54619
11112
51122
645
8518
57148
5394
57720
22821
64927
55125
2559
7071
130132
83891
1013
4589
55556
340533
2108
58499
116448
56984
4314
92106
1871
10226
84679
23461
123355
375449
3981
23072
161725
55897
10447
80021
954
153222
25852
171483
9444
4848
114915
84987
4892
57459
642
57733
687
9267
27132
91419
366
23576
29909
1628
339
9865
64411
4129
3975
90
8621
80273
201164
85302
164312
2554
57463
7592
4293
1318
55617
10395
55323
8989
7048
23250
4232
23621
55671
57476
7745
3880
7301
6019
56937
9130
10868
57563
2774
64866
79694
23095
9481
4185
3263
54443
55775
161142
146059
57446
169981
7141
79872
5020
22877
57169
9141
4814
2775
197259
148281
53944
3646
115265
374899
29887
7073
56252
1556
9806
57626
83876
326
55131
1908
8161
4063
401207
8833
22919
5989
80351
23658
4086
152641
84674
55287
388115
195828
58477
80228
28514
8473
6456
54345
54805
223075
81550
8702
3786
23232
8727
549
90025
3182
1398
356
8935
3798
3396
9550
9886
2052
10714
55312
873
10384
135398
27163
10493
4149
64922
374378
9911
5650
9702
57695
1780
1740
2241
3776
55793
1594
154150
10111
80781
51102
5456
79895
64324
7041
121643
26005
89122
64423
166824
60370
389337
3200
752
55511
79144
55211
799
133383
79713
114908
231
84913
388272
2569
6375
342527
84318
112616
54877
57047
139716
1983
51586
84262
54901
36
11311
259282
29071
1551
2161
7741
899
81706
57221
7274
3145
98
128611
84277
1113
140890
79776
84675
124491
84498
971
3458
81616
130733
5817
54845
11014
4209
11172
1676
25962
7538
1282
60485
1998
51503
2155
57464
1836
284716
921
64864
3628
83939
27173
131566
10724
8829
1047
126282
3995
79083
6689
55283
84142
6870
387032
51231
4689
55596
92092
10352
160140
116154
840
2779
55823
9451
8634
23677
146909
283152
9704
2561
7319
285097
5361
8477
90594
151888
8858
3358
55601
145773
50804
133688
22944
4247
121665
55970
400579
23166
79158
84687
2817
57122
285755
9857
10989
56130
80739
11144
41
11325
23209
79411
28231
55184
2195
55094
79998
84864
11061
4609
347918
201799
9138
81855
144348
199777
9699
54739
54581
65061
9861
658
2631
81846
91862
1455
10929
339327
308
4298
221833
1749
87
4826
23143
339779
167691
54205
4246
145957
51651
2064
85444
1284
8548
64771
57136
7110
3298
11282
55057
7082
148534
5698
158787
135293
51053
221938
11046
1562
255926
54606
10659
6451
124540
116461
55015
8092
22994
55248
26507
84168
23213
7097
51099
84830
23116
766
80213
54801
57677
55165
6242
10053
10668
114548
140894
5874
255082
84335
10230
85301
57455
3556
148581
55608
84288
84315
7755
113177
642976
387978
79134
1285
3827
2018
3691
9630
1856
1627
2568
3077
3707
84962
143884
253017
143458
6623
2045
6406
127829
79169
57542
374864
29102
9718
11318
1002
10082
29896
26960
2717
220136
79630
10350
1938
56950
50863
7307
26074
126070
63893
166968
3914
57577
8888
114990
54494
80314
1350
976
167410
4312
152273
7417
64225
4800
84364
80176
5906
160
10092
79990
6920
51186
5864
100130449
10274
26873
83786
4047
9139
10677
8629
747
4621
3785
2798
80177
57178
728621
29888
5983
6366
728591
51289
2176
1843
2838
157680
115353
9356
5018
9781
54815
337867
9903
80131
3045
6383
10312
1501
1741
25800
727936
8736
23483
64960
22852
3973
148741
2138
84068
3857
2688
157739
7903
51699
7095
54545
27295
81698
10666
6541
151194
3934
10335
53635
221178
5663
29087
1429
79863
10686
345895
23417
203197
3340
57522
139411
64105
3171
8642
91137
152185
117581
2013
23258
5511
222008
55521
53942
143098
6403
126859
145264
1045
5621
7535
344558
80851
129293
2537
85366
23287
3694
6405
2651
23114
57801
7047
114897
27037
30000
2218
146177
2824
27131
79857
192668
51101
6619
51561
56203
60509
25891
9547
56133
3950
171017
4889
2047
6422
3385
54906
1173
79960
11319
1311
93973
10058
10660
219899
105
140679
40
2158
5507
51710
9487
2745
93
84532
11328
22
55758
123
90321
11067
90952
83893
6905
253260
23220
5172
125111
11128
64839
5720
55246
6645
51088
11117
51318
1025
51676
8139
15
56902
8241
58492
286
160419
7621
66004
162967
137964
1448
6565
8100
25911
10614
130576
6615
91647
100128751
51110
3301
9776
2069
6299
389206
9536
6500
54927
349565
92211
9045
6045
389677
51123
26091
790955
8772
5740
81619
131873
389421
54514
338661
3790
2993
55626
78992
9354
84333
35
203190
29948
1050
286753
54980
10513
3814
4828
55958
65990
84251
79654
5685
84888
492
4680
10627
64757
1362
88455
7039
81037
57186
6991
201134
222389
4849
27071
440957
6376
399900
57167
124411
2875
26470
5015
23303
26229
92597
10010
4899
6184
11022
256710
6291
25884
339669
5753
7514
22985
10172
51773
4335
79581
55020
79815
6368
2009
148641
23549
9920
7572
7027
205428
741
1387
7561
6601
54868
285193
10131
117177
53838
10128
9498
23598
51379
64946
57530
9540
7702
1298
7756
5274
222865
140688
124773
55014
23217
132320
2734
9500
116224
60675
3839
79899
643210
134218
8334
79817
2917
54973
400916
50809
868
340526
79153
1473
23770
54509
255488
178
440836
90362
9181
11059
137682
23266
201254
56891
10876
55717
2169
4602
257203
207
25790
80124
8655
3640
221037
171019
10827
8848
22974
926
922
5471
10333
160622
147841
23552
253650
27346
10562
26750
4682
6443
11254
115727
51547
493829
255626
23113
3046
54539
4018
8433
10669
6317
827
10238
6238
7379
10752
2048
3938
29101
7454
1382
1511
284252
7871
26577
80010
2904
506
317719
57531
54855
57551
745
55752
10777
11101
4436
256309
56897
65251
54916
121536
55770
23036
2033
129787
8853
125988
9100
23212
50640
55667
373
159090
57597
4045
10026
1392
8876
8705
51312
9325
63027
9143
81570
3747
5321
342035
5819
57592
8625
373156
124751
79728
2872
2251
197407
427
54988
1213
7352
6193
27106
10227
166979
7369
55225
143872
79188
6421
9154
57348
117283
118429
54981
81576
23002
1477
27122
91543
6747
57484
94240
64410
7292
817
22980
3214
574
163051
55012
5476
145501
115098
339778
55204
9378
3362
120863
11249
11212
340348
5796
25822
148979
254048
2271
79719
5355
3215
6640
85442
1039
7221
5584
2186
23210
777
146
1778
3037
3915
4867
27301
84304
211
4898
8560
27302
80034
168850
729230
100129482
152078
5076
10712
56006
4648
23086
133022
10487
284067
64374
79173
5265
28978
7453
3181
55090
84684
655
4731
1400
23168
659
8846
9462
196294
3633
126820
55064
147007
151011
80820
5948
5425
283383
284439
66000
9044
283742
252839
93664
23361
6954
64319
5025
5276
55114
2520
5063
10642
27237
55854
6507
27290
3641
5893
50840
9754
335
810
119467
1196
51780
51320
284018
2517
113730
2103
84524
23403
6622
9644
130872
79758
220323
5340
1592
284382
132299
866
84975
199720
54891
3552
23141
147381
84466
5452
9858
51393
56681
60676
79070
11340
134957
51533
145757
92979
115426
353500
387601
837
1121
83480
7104
5771
56603
3101
84720
7431
158358
348793
51205
2073
85378
127687
9324
3697
55234
79148
26130
255057
78989
164781
1351
8553
27074
79924
222537
10360
51434
3226
129880
50615
94122
27079
60673
257629
25834
25897
725
84514
97
79935
2259
7429
56155
79176
55164
6535
8646
55824
118980
220972
92
2673
284161
5078
221322
158158
163255
7818
91703
3446
8417
55362
5257
3351
64430
3003
22858
26576
3764
127943
26153
26330
2593
163782
51512
51499
10268
1184
89848
53358
54949
55334
9145
80139
4753
30812
93183
646962
55089
1522
4166
285513
221336
84765
26122
374907
246
353116
3036
3702
7567
10841
342574
7474
55295
23601
25827
9545
79166
27291
5434
973
7916
2145
10427
23362
56605
7552
66008
10044
2897
1370
7978
9537
3000
124152
5612
152404
6102
3575
79848
780
2984
55036
1401
51172
22903
1293
644128
130827
136051
339416
4338
11231
134526
6450
114569
91050
59272
163154
23204
124801
7295
55113
9712
57659
55884
3685
57150
221395
54112
57823
64802
10672
131920
9821
3765
81858
388695
65265
8507
342926
7748
995
390035
4653
22796
55909
4818
11176
118490
2934
8862
56994
5706
5156
85013
1716
4796
8850
57798
23632
114625
3913
150572
7145
10251
54951
314
51306
84894
6821
1411
9653
6098
6198
5284
3212
10578
6168
5193
9182
11332
79706
113444
57709
9666
246704
25907
254428
7804
254956
284451
392617
5571
10525
4114
10140
7153
81615
326624
949
9631
4681
5264
63892
337970
54850
113675
2065
64581
4150
25914
23277
55634
115362
4250
114803
21
257313
3209
22931
160287
3234
192111
196996
1386
1119
2899
256933
1644
83445
3297
2556
6529
51260
3097
2555
23468
10152
84327
11253
401152
910
79961
5991
1783
3665
147923
219539
7433
51654
121268
93273
7634
4758
91749
10060
84065
9772
4199
3356
26270
285533
408263
57654
2771
54883
81928
10040
79813
5923
117247
3621
54520
9880
64834
10788
158234
84914
1040
1889
51285
1824
79888
55209
64061
138199
23413
10211
85440
121260
25763
7092
10753
10214
57534
1650
83448
94239
154661
51333
26015
51804
22887
3761
2648
57717
63928
55132
10141
132660
8711
317
27314
6197
54879
6445
2528
3998
108
1161
58495
7673
54596
5216
57146
23498
6389
401124
149830
57153
8726
9524
51552
285126
3655
91392
10231
3853
9639
10978
55692
221442
27012
159371
79625
185
51754
26123
26508
54531
10982
653677
285343
1312
25989
939
4128
55591
3742
9127
8349
54812
4684
60386
51062
5653
57540
116337
3910
92017
2624
3570
7855
26707
170691
203238
26099
131375
85461
4815
640
148789
826
80777
4794
2672
9745
2081
3283
326625
3397
54946
1302
54566
24
170482
55274
80319
4692
2639
201243
9411
10895
8609
2358
54435
9407
30850
758
65258
871
975
5502
439938
6720
56062
8925
843
2995
23355
148
9735
10914
158135
1826
147179
159091
6228
55139
5732
3753
11346
10325
2321
59348
222826
7204
22990
57794
57565
23350
113026
375061
7276
7139
10050
2059
58490
7754
79929
199974
535
55062
10284
128338
79230
5990
3792
29949
7589
1969
9454
152065
7448
9638
55924
8725
1514
7399
3627
140706
57834
140683
83758
160065
1154
118738
415
55016
57338
6614
251
5375
3889
55308
5695
9592
7342
2941
9855
9131
147011
5802
8546
22983
253018
283417
3673
9643
10051
25977
1141
3083
25885
22882
3726
340351
9377
158572
2104
5074
84665
51426
135656
2689
5147
163131
763
170690
28513
2637
5347
222255
131096
55670
3990
252983
2128
57703
8880
728039
8615
815
3399
64127
9048
8973
9731
11153
50852
9333
10021
54209
6543
23075
2444
8800
4863
202559
57715
5763
89885
2634
81537
84911
51076
284403
54841
4976
55565
51112
7368
79657
56848
2563
1337
55423
811
283248
51617
84250
84692
9870
26007
84967
3730
1538
58524
54785
79791
84259
3169
9846
9515
4683
10970
84376
5957
25988
4635
164
220929
157570
57587
6103
374454
137970
23637
128153
112817
9844
8323
3636
55857
51230
273
2674
5450
64333
23207
3918
80742
10956
344148
84103
80723
669
651430
55686
5537
92521
7093
10150
2286
11182
2253
10024
10565
6944
610
79582
25956
134353
10778
6331
54760
9252
6329
10252
6862
80316
55795
1579
7062
55914
4057
6433
4931
199675
65264
6344
7046
9815
26994
462
2822
29797
56604
253980
8912
54823
3717
56005
55715
5195
79626
144501
23585
7163
253959
828
51768
84859
51218
55117
10488
8631
152519
91750
10269
85457
10988
5189
64062
115294
374354
55819
8911
1573
79080
22913
114991
6838
9117
5699
2219
57412
10920
5168
79844
89882
54532
3837
22844
147700
23017
5675
9253
10436
23152
301
3211
8050
7007
5292
7021
27445
7545
10213
4861
389336
79845
23530
2262
26037
10741
54550
54556
152137
51726
3142
10239
221937
8624
201798
56271
80150
51427
5228
29980
11250
11054
55609
23097
4885
8528
54439
1452
23424
57761
23203
1539
140883
8755
10163
4666
64426
474171
26298
93649
9529
55738
10281
22854
1345
1828
2949
5407
390980
8764
1559
56906
23091
10107
257236
4084
151306
9306
196500
79954
5365
8940
4061
56311
163778
57477
494470
5463
4116
284217
969
79037
9034
8503
6564
757
7014
169522
56975
23167
5900
50649
92370
6547
64582
9172
6013
353355
130540
3110
134429
84858
80326
4927
84058
2098
51491
339768
55785
4521
10023
7432
3491
1138
80110
84641
126731
122060
118881
120379
120425
29035
440275
28960
3141
284129
347732
10014
4023
55254
10870
2776
643
51646
55616
6510
2395
1812
3294
6604
55832
196403
1811
54587
79809
51455
5873
54505
2827
64094
4257
57650
259232
4143
10
220441
6253
55322
79770
113246
140469
118924
353
28955
91894
9265
9988
55331
57657
203523
51263
60481
54434
114793
4173
134430
9126
1200
91754
22801
8454
2741
51121
54873
113510
150223
374946
8748
1381
1280
84271
23221
84458
2352
492307
11213
4090
347404
834
54922
3460
2765
26166
6391
6881
6218
10267
81031
84314
221044
28227
1432
25963
84530
57134
9221
55281
90390
8115
6901
4172
5635
5686
92140
4303
1805
114798
1953
51690
22862
91978
134
11034
957
26063
4697
9419
55298
2813
6936
3738
25816
23325
56776
57045
1854
26716
9736
2117
11015
23332
2620
53353
92346
392307
54827
57017
6256
79019
126014
9244
90529
64121
5737
51778
5165
6730
51666
126308
54361
56270
1437
80255
974
3560
10882
11047
114794
201965
79887
2793
51304
9686
4099
197358
3381
63920
150000
2249
1666
6898
57576
140576
138240
5509
11051
120224
1186
9969
140680
116443
346653
58503
685
10730
4852
54537
80335
255758
114034
57210
79939
51527
1840
23165
9110
375484
23233
56978
5565
10947
9203
65055
942
217
56667
5270
147945
54780
5133
142679
123722
221786
22871
54875
54931
27247
6566
391
1670
403341
57118
3218
199920
5241
121793
9334
79831
57570
79607
1406
84159
4958
29034
388963
4750
26133
51171
1413
152189
9348
342909
9863
58472
55825
79066
3736
121441
29118
10844
10981
1087
57020
55282
1358
222484
57451
10467
354
1179
2300
80821
25983
8844
55763
23762
3888
2791
2626
8854
5295
339287
140467
3035
8325
9557
79074
29777
5678
3899
7584
8676
3015
51015
6295
778
1136
55856
64222
5330
9985
57408
6448
25778
85365
624
55771
9797
348180
9101
131
1495
374407
55200
8509
8445
23120
4245
222256
254427
150465
4938
22895
5126
11251
638
5454
57184
83759
89792
55005
90167
56905
23759
6489
10398
26002
5132
11157
57007
1476
643224
1499
9577
112858
80025
9114
203111
968
1468
25828
283129
9439
54332
6294
7287
26747
54865
23586
23047
137695
90313
9312
30001
646658
253943
6352
4054
375387
2885
221294
3363
5359
100130428
2530
8793
64902
338657
57506
64175
51170
200403
132321
282679
22915
10178
23048
26235
29116
57817
1786
25807
9914
126133
158880
80817
55326
23234
2201
25901
387
57162
1820
8398
28999
9990
9534
51528
140462
55707
11107
121006
2185
23439
54149
4241
91582
1537
4089
10241
4734
25960
57567
2110
11179
200373
160518
5744
54751
23630
2150
10661
80726
9450
9869
113201
9514
51435
220134
64926
123775
203427
3805
6833
9231
3605
349667
5634
54626
6813
9095
400223
2733
2254
343
7398
7328
129450
26001
9365
203228
80013
5747
3638
283316
90293
49
79882
51191
11230
84525
53
7594
24141
51057
162517
65266
10761
4340
9620
1134
266722
4319
2886
8552
212
6863
130013
339456
84816
27231
4860
5296
389432
4809
51605
91860
9849
49855
7019
4322
4153
2028
494143
63876
2799
23731
199713
196740
27350
55698
57606
7072
85019
143662
9928
90423
8861
64282
11040
1535
5739
9955
961
5230
57003
7633
10260
8672
6626
84269
56904
84957
54617
8456
64431
7138
126792
388581
8467
5108
90139
3762
84991
140609
377
223
89887
5834
10159
64412
7757
85360
1815
23187
3177
8568
1000
5127
78991
79827
55180
2825
4133
150596
26249
123283
5825
51601
10233
54546
148066
9758
5480
1794
84818
400566
6503
23192
6610
8500
72
5366
10379
55509
8328
23270
23324
150297
440603
64794
83606
79647
64145
150967
55351
157313
85445
4722
136541
6390
6297
53342
79698
80790
126003
55275
283345
56934
1758
8266
1016
55030
6561
2784
2677
60678
54908
6526
23053
130507
9734
6051
30811
23060
51741
881
29940
79583
154075
9568
9843
54970
150962
23542
11085
10466
196074
55777
57474
4779
4189
9725
283455
199857
10743
51093
4701
23660
5607
9968
5256
54414
81559
3842
79934
9919
128218
8324
118460
90342
144699
56164
5393
1806
161145
5918
327
435
4704
84885
2974
1158
80157
5886
79675
4088
389320
150709
389119
2596
51292
407738
55096
146845
6753
148014
8816
776
57731
57104
56967
5980
150737
10072
4642
9867
23244
200159
9788
79005
51655
29106
10114
3952
347736
23371
213
4968
7030
124565
5506
23052
3574
26286
23024
27042
23051
170506
90987
84878
23620
78987
4696
79004
22823
377677
122618
3459
64777
161582
158521
10735
7222
8408
18
84925
57611
3835
161835
51258
26297
9688
57620
57573
22978
84247
116447
57187
56890
6698
51566
10328
200523
9765
11275
5713
388394
10801
84629
2020
83882
150280
23376
90634
6939
2525
93035
121391
10469
113452
637
9249
1339
152756
400464
9472
8501
89797
6875
25
400629
84868
6361
55076
168433
26523
4499
83935
10236
5453
149563
161823
8190
93953
2690
1299
1638
55049
1967
4661
150864
3184
26152
64940
58478
116039
57157
149134
1070
6653
25902
1364
116173
161829
126119
708
10078
1080
6627
9941
3642
2531
5562
27178
245802
5412
4139
157773
8175
127602
1875
112840
83659
9780
7101
10285
566
2879
135295
23041
54822
65982
23416
27335
120892
83417
6658
92421
56242
27254
283229
23090
26019
7692
10531
9569
8277
254394
64983
11272
9935
57544
57462
4076
10594
92558
200844
401190
64860
11269
11280
1846
140
7471
56914
5727
10424
114815
23276
23478
387707
10884
904
136332
7351
100129271
2237
84464
113763
9604
166348
2356
9831
54977
6583
7187
64005
9522
11145
84649
3960
79652
11072
9413
25791
1356
79679
55256
9014
6990
10809
10216
83943
147015
5019
10492
64420
51559
57519
200634
113115
6490
197135
117155
79156
64919
4261
83940
79660
28512
414235
282969
65250
57688
6885
83933
54221
5660
495
54476
55214
162387
256536
9133
579
4841
115761
11216
7458
113612
22996
54433
2178
9402
89846
9656
4353
54799
80020
11168
407
79927
6195
64241
27035
114788
51686
92714
197131
10992
127255
482
1414
55258
10857
9647
2646
9836
11060
23583
23558
5881
5034
8697
10505
310
7031
3421
122046
1615
10592
2146
9362
5557
90780
1737
253769
10927
80852
54821
51523
3930
51105
26090
27244
80223
9567
7052
23067
678
245
56341
55502
619208
152579
9755
8412
5789
525
165082
4617
55435
91942
55031
1968
1738
9601
5310
4486
3887
79053
7036
711
10278
91316
23613
6497
23566
646
79064
54511
55848
30815
221078
4321
26281
55272
65996
56925
220108
81030
147081
23788
254268
58493
10924
64714
9266
2268
80263
10912
55278
1412
7275
26262
1814
80328
57711
7462
54847
54517
9921
5083
146556
50614
5955
9475
10718
391356
9441
55276
3624
10650
148418
94160
4946
9025
5229
144233
7277
54682
79664
7411
8302
931
7142
8209
7555
64210
51564
4294
3166
10462
440590
54762
5862
79852
10218
5313
57475
132949
57687
1848
205327
4915
3737
2840
51665
8131
5775
50486
4004
81551
10404
80017
84061
29760
79729
196463
134359
8731
55930
23322
147138
3781
54557
79842
9064
7475
27434
596
727897
389084
65991
11069
63923
9391
23434
64924
27235
23640
4055
127247
221656
392
4597
9373
154091
6873
150372
8991
23548
253512
224
1478
2742
57827
7224
1463
90268
79720
6224
5017
339263
1937
149699
84717
11314
64744
170622
7025
149951
148109
10011
79145
81831
147645
6272
27164
820
1730
7263
51247
4052
27336
7582
126306
9874
9464
3612
83879
23404
7738
64784
79915
132241
29766
3754
5919
138724
353189
64114
257044
8913
84643
51517
340591
3791
2641
283991
5879
83983
51530
55867
649446
730094
10873
2548
57502
210
55743
7023
2841
10579
10440
27107
26137
157638
3991
22949
81033
2050
56121
84698
22936
5987
201181
3955
2067
4606
139135
10644
151242
118
51571
2331
8928
116449
348654
128414
6643
5267
83540
10888
151295
11161
89870
57616
51727
55821
27113
6092
6942
6482
128344
26207
51176
10507
64764
11044
29114
54438
57819
660
2694
2954
80155
128637
4668
23787
1816
55203
6573
56913
27300
5442
255231
51272
95
6251
8605
196383
2581
84895
221458
886
153918
57050
5725
11027
283871
9240
5316
79178
158866
117154
64478
114971
1264
2267
977
6855
4583
11248
129563
1327
56990
283987
9098
80279
81875
26135
5610
239
55103
9149
55660
9230
29994
2101
23107
6171
57549
5197
195814
51026
1142
57673
118491
23077
10600
10816
154
900
64799
23518
348487
4254
222698
8933
22875
23367
23011
317781
81624
6745
79170
23039
138639
11196
202052
63941
2051
9031
9750
89
5349
3284
7477
55196
157567
25813
2812
50808
7143
4884
200185
51315
375
55366
203859
84127
1995
10246
283673
2053
80022
23001
6782
11338
150275
27165
29974
127254
9546
50813
54707
388325
11091
124220
7306
988
9521
1420
10499
26050
2566
55251
171023
6675
84944
65975
84316
84190
55345
1444
115196
64219
5288
57619
3420
79801
65981
64843
6041
256158
10489
7259
91010
2243
7069
79917
10147
3885
1352
3032
80024
27332
29889
84722
9122
2488
9814
54940
4909
1962
23415
29100
750
5876
84811
162979
8867
23760
6141
22803
3292
79953
1612
644815
1482
9088
85450
11146
79892
1122
54328
340542
54495
11257
6002
55677
4300
7251
24147
64641
197
4100
203547
9111
7132
3718
127003
4729
10420
8804
116840
79056
50632
10017
400451
8260
55151
8315
147664
29989
50846
378
1515
9766
8220
3268
10539
8001
7390
64798
1912
9423
317662
57402
3359
2193
8573
8527
140735
10713
64320
93349
64754
55361
651746
22941
30816
7380
283951
114088
64066
150160
5741
5792
123263
386618
148479
22890
30819
57466
54972
65080
2125
9971
128486
79684
11281
79658
23351
332
84187
57649
54206
57481
1489
23446
10518
29124
387885
54491
5899
155066
171392
5797
3704
5146
2719
57097
5652
1051
117178
6665
1340
3062
10635
1053
9311
1010
220004
83548
79803
79087
11062
23019
26985
23316
4302
11266
7348
57658
22828
7424
23387
6117
79621
27072
117156
54567
4775
29115
6750
488
79904
79624
81603
84270
29992
6386
2660
1238
6273
114881
51466
10248
50865
9695
23480
8382
124446
114987
83639
60681
10212
26035
8471
9783
10874
246175
4218
80028
5429
51294
79012
57835
2986
7384
79632
5671
7881
257169
51433
51776
162239
79007
57529
26082
140823
163259
1371
1326
5947
3009
5581
165679
6664
25915
57539
23564
1845
51531
283237
9635
5657
55904
2524
8029
55727
146279
64844
388387
285989
55585
9828
165324
6820
2306
79691
257160
256957
92737
9002
100128327
149175
5176
54535
3882
642987
28965
6579
57596
4356
8813
23061
10056
9612
2492
10962
28964
64928
22859
1015
50628
55746
6382
4608
83640
6580
84193
26033
7827
7571
29960
23254
92105
91807
10897
6857
138009
6733
11315
4864
26009
29062
80863
55159
9669
57536
230
2906
23641
149041
6590
152330
5977
1675
181
11065
2567
92255
140893
4544
729830
26052
81930
140689
84502
22824
219623
4357
54464
27005
8776
57510
80135
6676
55028
7324
6699
23588
51128
51606
9738
23306
9791
285440
126272
8396
200728
94039
608
6339
6891
23132
283401
10863
2281
4733
80336
51059
3176
2628
201140
64429
3700
84690
821
7743
2898
126433
148645
10293
7773
51166
26575
55714
9513
51364
92345
23708
84735
8823
246329
389434
92235
9479
340168
4062
3442
374655
22916
83877
54413
151903
10459
80011
1234
11100
259197
65260
9047
23142
55957
29880
4920
3800
79631
3196
2972
22979
493753
3632
6578
8192
51316
29097
3235
170261
81532
662
9118
7080
10692
4917
23096
1543
112885
1036
26020
94101
79041
7764
50626
4744
284119
5052
10135
348807
57608
2203
256949
162989
6307
10825
100127950
10671
64760
27102
4200
6015
585
9779
116064
1500
128240
5499
29089
151525
441204
339366
5068
4783
51495
55779
404216
10557
54553
2670
4624
4212
129530
9847
8985
605
8914
8463
10899
953
10419
3773
81631
6546
9651
84295
5927
51002
2778
7371
51021
11211
7253
132158
25940
284029
51542
4325
79807
3185
53822
9245
5346
7094
51257
23614
26046
54467
9403
10317
2305
125875
56993
165545
23452
9061
3756
5187
79442
11043
166378
5529
149643
246126
85315
7032
221184
23429
221424
732
2878
127124
11017
116985
9912
26504
1295
65056
5589
25820
127833
1355
114984
987
137902
7473
9179
55602
51028
84189
147906
23178
5033
54715
206338
285386
55769
128861
2926
2632
1380
53371
219654
55872
90624
8320
6484
55850
55781
58155
23184
84985
79042
80305
83660
10198
154007
54067
27032
54887
57152
54974
27345
9917
23409
145173
133957
284615
58538
345557
55620
64064
222171
1777
6621
64787
56474
8379
81565
4289
4179
57631
348013
4123
114787
3068
161753
7597
2837
54742
4070
140461
57666
9586
9436
167153
25924
80031
55212
338699
27143
55716
51160
57035
65983
134147
283212
55506
10847
339745
79792
1829
55170
6263
7005
55471
139212
128602
25961
154743
28956
25888
348645
140850
5100
4674
9759
90417
79641
116988
112476
9559
55773
10663
57655
10746
604
10923
200933
200014
56964
26206
7783
3568
27036
54529
416
79603
3858
51382
119504
133491
137886
10939
1610
130355
914
5238
128229
6882
8491
642864
23173
64405
127579
27148
8233
1581
84650
80895
8555
257062
64746
4109
161436
27292
369
27288
10171
2805
23310
84970
27145
54454
29914
124961
2538
64376
51729
29993
26276
3816
342184
6844
7520
26119
340205
57494
64172
51650
374882
150084
6928
7051
847
6016
148808
3623
5858
159989
404550
80317
85352
114757
5606
5443
23049
221504
1565
64895
91368
113835
51156
55859
6018
79884
54583
286336
51097
5742
23154
22948
5333
5982
144577
150244
252969
283150
81562
1308
7705
2272
6672
81792
23382
677
26271
80342
84179
2810
149420
2317
23291
100130889
55130
4718
149840
90768
84691
2245
153562
3232
27197
56957
2266
5275
23541
23421
163590
83894
196528
26284
64108
60672
8603
4355
59082
8945
150353
319
5202
255119
57161
55051
26959
10126
9992
20
7220
84080
222229
79864
64083
2703
51265
7260
64855
7179
79050
163732
124583
4784
55966
8427
50651
8089
4711
399
54836
155054
9819
2971
27147
29926
3782
84964
7096
64077
157724
138716
6176
56674
767
124359
80755
3577
146713
84312
7776
84919
65005
23556
129049
9785
148046
57216
10225
149076
173
9650
1955
25898
8852
26993
100293553
401166
1634
9687
9355
139341
54948
65083
81563
7408
361
54915
285971
3972
2001
8030
23554
55321
51668
51107
134145
25928
221806
2056
23500
26279
10322
5364
388552
26150
64065
54103
126208
23199
5916
1018
8654
959
138046
163859
7752
11123
9626
54884
55614
23507
3593
283677
167359
375704
79155
10991
8760
2847
219833
85479
51195
8620
144455
202915
5890
1606
90427
6651
10794
6550
26058
26292
10916
4670
54498
554203
7932
8312
92014
26259
92196
50514
753
7480
2035
51011
7409
10964
22869
84986
55702
53831
57512
322
90806
8890
473
54849
112802
55084
1118
57089
130557
9024
112770
140766
5093
196513
81579
5526
51253
5860
7499
22907
51593
124925
734
1258
2099
51755
151531
51639
23589
4588
54458
26953
5829
2182
23432
7428
51474
122525
145447
56953
51108
1486
8065
91319
4776
1054
114819
7556
151963
100
9703
3028
375790
1028
221481
27287
157506
55262
10162
130271
5871
6830
83598
115653
157697
50853
54457
349136
23247
25843
11322
3996
5495
400745
27129
341032
57684
9445
10791
23746
22989
1288
50805
163227
55633
221154
55224
201595
115350
10559
10081
5782
9363
22832
65988
5636
1849
55628
153443
54536
23246
92342
10786
54629
169693
11119
7802
4035
9096
342908
147872
54986
64841
83642
1215
9276
9068
3755
55625
57602
80201
57194
219793
29951
51116
199221
124512
661
56241
440515
51411
498
1939
10139
11197
221785
54838
6872
5576
162972
1523
10620
56616
4616
23359
90864
54881
29928
513
65999
23269
55805
55370
6668
120071
9196
7136
53630
112611
4524
26589
27152
5609
79837
1994
7542
23201
6568
6609
4237
4650
255101
140838
4528
740
54440
27090
347735
26146
130106
90379
4821
10990
58489
56999
51103
4618
116842
2932
2915
2184
7247
1657
3590
1647
3060
118932
283638
51557
23125
148870
4956
2515
195827
79901
55851
27128
642938
23283
53343
1062
6924
192670
10561
150468
79039
9551
201475
2036
55122
493869
580
8767
1823
284348
8517
55508
51635
57492
79820
163
25804
3241
55161
221400
22937
23476
3111
11331
134288
64901
55255
345757
8411
6094
55791
140775
121506
144809
8859
63897
27043
80196
203062
7008
50862
54991
56882
10199
7273
2167
54465
23341
122830
2870
27092
92922
144402
23219
54363
6155
10202
55324
84666
80212
51282
439
4548
83648
6559
10641
26355
93594
388569
284613
4211
2961
10291
152110
51297
2768
10910
27333
257
23546
9229
81490
347252
283375
115106
10610
200081
9786
1678
94005
4234
139886
55749
51490
8613
79036
255403
51585
51010
10726
201625
26872
6311
171177
10307
57209
444
7165
10892
1604
79447
3959
23054
65109
80332
25948
84814
43
2560
4685
137835
285220
57630
80381
10948
1869
54935
84260
54344
283209
9538
222068
8495
23597
5250
3898
79096
55696
1576
118670
7994
8941
3604
9652
92170
340252
6239
84162
9329
56951
8690
644353
8975
220213
84791
864
6877
79956
84275
55357
3675
10558
5051
10324
4162
113802
84807
222487
84203
5217
554202
4935
388021
65987
153241
6464
9576
1266
8841
10242
2159
51248
51460
64097
1106
57172
7554
29925
11045
92610
10598
25943
7905
64393
387718
8513
7157
81931
55238
63874
202500
55340
8128
6666
283643
51332
148753
10196
57414
79177
54802
79685
27000
5600
84614
6717
57508
8618
3052
25796
3024
199953
8406
27065
404220
140880
320
84226
8443
2107
8572
2922
131831
114882
391059
83538
8773
3578
1717
917
54681
406
27309
1993
23293
2853
54834
3265
10867
79710
6837
80149
79089
84893
51199
8516
22863
286076
7329
5007
25880
55146
54878
27018
255104
6911
57600
3175
121273
70
3716
130367
121512
57107
84307
9421
3635
11155
283431
6804
201294
1176
59285
9633
26272
84892
10994
285033
3859
266812
4068
2892
7867
3199
11129
9894
347273
388503
23301
4058
7479
116254
22807
140459
8784
113220
84182
130814
23236
246243
3558
10527
863
5959
7022
126129
53917
9960
84812
10911
147686
9398
6795
441549
79780
283446
2297
2302
541565
203413
2846
26112
3695
5830
8733
8932
54674
5129
779
9508
3752
10283
55260
201191
5080
3886
9039
3357
3445
54995
11033
5624
388969
55069
169200
7704
23336
79913
348938
283849
55285
10654
256815
2591
10877
140733
8425
1305
126298
54453
440896
967
64417
284361
2815
55621
83734
9554
1874
10648
218
11122
7184
644150
9489
51161
84959
54880
3273
323
51204
6237
64793
641372
25780
84993
7038
51061
550631
122945
286006
153769
84324
10804
2327
10200
54436
84787
460
23513
329
90060
728606
4829
55071
254173
23650
55301
5719
3206
909
90459
57139
64921
8453
147040
10572
23678
119392
8399
5522
57541
5089
6926
1810
23008
7200
8440
157769
4712
2649
647024
147965
23138
26155
7201
1175
219855
733
341947
10302
6166
55540
23028
64759
3155
27094
148423
29911
162466
57053
83715
261726
10575
26277
50650
92840
735
23587
51031
23627
29789
696
55437
2334
113263
6617
283807
8492
29893
55577
25851
57151
2967
5087
7327
219938
1349
4833
79798
675
51514
55818
5440
124790
165055
6929
51465
7126
10637
3094
66035
8216
7180
9892
145567
8893
26032
27020
23384
9093
1742
400710
9663
124460
26528
93377
340596
57213
7917
5892
394
5023
1052
3925
23191
55144
84148
80162
4905
80728
4327
79077
8712
79958
163081
80148
1665
151516
388585
3061
2256
9965
2645
8419
3189
164153
146057
4048
956
286359
10048
28982
54499
6752
348825
27010
10618
84866
56253
10999
3854
11005
1762
2002
51659
22883
48
6512
7529
256369
729956
10319
55153
201501
54859
79663
9415
11190
128869
90324
1674
1041
64747
5566
2912
5336
29095
55789
192669
81533
478
374973
3300
3846
1746
6569
147687
9358
143
2280
4947
3897
84656
116931
5575
116085
84418
4625
5081
9429
5327
126123
65082
79847
55215
10922
6513
54932
5935
1804
6584
4604
7923
91373
4013
196743
55166
6495
23390
23617
64081
91584
27327
63946
26505
2695
2100
2962
145482
92609
2829
138050
125950
25996
2767
59286
493861
145748
7775
5351
2072
151050
140885
2204
159
22874
3233
4942
3029
1329
6856
80975
203
54892
284338
5260
23345
23676
55356
5308
8174
5309
57513
151254
83468
100128988
51237
79707
254827
285671
4582
404093
1057
84273
57037
401265
9946
420
51050
91057
64215
7405
56655
11194
283358
10326
728613
79747
79711
114132
84842
10949
338707
1112
55501
8435
79666
3758
79753
10653
26060
29855
6037
1611
8479
83985
2308
5901
144453
5962
5905
55138
116068
796
157378
79762
9077
51479
2876
51808
4706
100144596
401466
10311
63971
27019
23215
4761
64763
83860
10898
4354
51663
10463
8626
284485
55840
11267
55017
284349
30846
93166
79690
54039
375686
333
3746
79635
26034
64963
51300
10584
6554
284391
90506
29107
11074
140460
51678
27156
64399
113419
7918
274
160492
492311
8436
7596
392465
2019
220382
83479
25904
9885
81621
2012
27230
6439
3064
3081
221264
3490
83867
23463
8533
219854
58498
221662
64223
9183
5408
148137
51669
26220
55257
10007
10309
56521
11024
1756
122704
328
83657
10906
9032
8729
400926
390999
100131496
5691
10435
6257
2907
57708
220074
11330
1580
85025
10054
29104
9013
81501
8540
51582
79983
55835
348932
55127
10563
4605
54518
7988
150142
285429
55174
130612
4952
759
169044
56926
91461
6599
79137
50814
56180
203069
728819
81689
8557
162461
23339
54165
3611
80169
113791
93661
51193
200931
79086
10520
22820
516
147183
79413
10215
23767
8148
9440
55133
8650
11226
29851
162993
56160
6538
55529
6319
8574
149998
5300
2026
325
54866
10295
65110
23657
50674
51308
8722
56731
170392
7284
256714
80217
25876
79890
147808
9923
27075
3788
51295
577
81556
26225
2570
6335
55776
84837
83475
83656
54663
1802
89970
93164
84804
255426
997
8387
84256
22878
8819
4702
5721
1130
55065
11183
5988
2619
55723
2526
7586
55233
83903
79027
200010
9818
51147
8667
4790
11341
30008
80004
26503
136227
57176
119710
259
84645
607
6620
54961
85359
57591
26548
51056
27246
55352
51608
22928
475
91452
4118
10945
6608
4798
23515
199746
2303
2041
54923
10116
57507
54898
152002
80762
10890
55656
2068
6388
1209
3053
25895
8692
3161
286262
10069
7789
55108
10623
29952
23076
23378
1613
81847
729420
80347
55576
404037
83719
5521
79667
9026
10826
2232
51602
23471
124872
6118
51144
1787
55810
23321
7264
26103
4154
6447
57002
285195
283385
6572
6571
79017
23109
221143
1471
93082
30844
54084
2295
64801
25949
91689
57645
1428
515
400506
222166
23492
5077
8677
115825
64318
2151
57728
23512
147495
5467
25840
83732
4974
7320
64207
11076
128710
10073
84867
9480
2010
342945
3823
161291
55505
4914
357
8891
3891
79602
79733
339883
59084
26290
339855
3227
51109
388125
10913
56145
23194
4036
9862
92291
51657
55259
54984
5594
9379
8021
3727
117608
57590
6558
54867
441108
10250
22808
27334
7979
9184
93190
55607
2147
7711
27255
55177
7709
3884
7993
6888
9767
3912
222663
7043
260434
56851
63925
84078
333926
203328
79903
84792
390963
63926
100130613
11137
79989
353324
284013
10004
203102
57648
283464
1996
84966
4878
201266
132204
9897
57586
79788
92747
10179
2687
5888
6011
56339
57405
134285
8570
26228
8022
4922
94031
3795
200172
9873
342357
9901
64792
26578
6781
169714
2852
8458
1964
57583
10000
201163
6337
387496
85462
23130
8787
8449
56945
348327
65244
8720
8939
226
79686
5778
64645
8778
9132
9366
54910
924
1180
221692
113174
58986
57117
57515
2786
92304
80740
23071
93185
401551
8710
81873
11193
123811
56924
8402
55588
23769
7809
6157
10458
55118
25974
23281
5431
11063
8165
4007
132946
10556
23741
254170
55759
55787
252995
1583
223117
10497
57109
8289
793
51506
6493
78990
4077
93589
7770
5702
2277
140465
1453
57532
144193
131474
100132341
151126
374654
57701
26998
941
2172
1620
27248
153642
4986
440193
5683
8295
2263
57621
57228
254439
80023
285550
56971
23616
892
56995
9696
160760
1655
2188
10542
653
51520
55466
26059
4014
283989
26094
81578
84279
84233
4359
5213
10750
53637
7053
4174
25841
140691
63906
6728
55009
644538
55661
65003
340156
55837
90580
400713
286046
8321
2709
51545
9104
8892
51019
23633
3592
22880
219
10795
1838
27069
5715
84101
81610
318
148231
6534
135948
415116
91272
55388
85413
83667
93517
10288
26127
6508
8405
54831
10608
29126
509
285598
3861
331
2230
6836
9721
58491
56245
29945
344838
602
91369
5711
6338
201229
118424
7137
2977
1736
7518
7466
221303
10524
29966
83850
51042
6853
388886
2773
54329
7156
165829
114822
56852
93624
51226
80143
5287
6556
146691
54538
148327
113278
644975
552
7423
8447
9587
11343
8895
60313
59269
123096
8916
2665
2638
8522
84057
85449
2483
9148
64422
10300
197322
148103
64063
57727
115939
408
2712
84726
225
9904
388722
477
57337
51428
10103
375444
90050
123720
10987
114900
257177
55188
11086
10289
118487
79370
9705
4838
2664
200424
54918
152816
414301
401397
9958
55967
4171
887
51430
5976
2044
10787
10079
23504
4772
9603
10919
25824
10158
84081
4342
8630
127002
5305
25972
10476
94241
56000
80271
8061
129804
55847
139818
4693
4629
79980
29946
8789
4720
54903
127795
84076
84844
8992
338328
9984
22982
9868
23185
8639
6886
55223
286101
2034
84654
57609
81617
29883
55280
57144
55039
9119
5662
4221
266655
7767
5368
55783
4285
148213
51667
114898
23551
1822
257101
5294
375757
1643
23649
611
123606
2700
116969
55809
29927
7798
2800
8496
203054
27344
10368
57456
2661
221079
1408
57520
8929
23509
51691
22955
10721
94030
3608
6748
1409
3270
114042
51493
5693
1160
10320
64375
7516
140578
89857
383
623
10798
23533
23158
1609
256643
9826
27347
3269
55813
284541
115
10086
6563
126074
65998
80311
9948
79871
54069
81628
285527
10468
9655
126695
2030
58529
9424
9879
150771
116285
732275
6476
4041
1687
51759
140767
79905
9033
2981
55647
29903
10117
9146
9112
127731
7884
5026
221491
65992
129831
51399
286023
1385
9670
6884
57643
54926
10445
8882
2958
29920
27146
94134
83855
537
83641
3699
401548
64224
5029
26574
124626
55869
27111
10551
84319
85476
7172
389541
23774
166815
55659
9681
1591
286103
200298
57722
284307
7799
4216
10747
1244
1203
7054
341880
9748
3589
54455
6642
118663
2134
54463
8761
54544
55032
8836
60492
5268
25930
23092
546
84950
112812
5161
93010
167227
5073
11073
11035
10190
55112
7781
79098
88745
9683
1474
23063
4793
1943
79054
23647
11321
283489
7249
55663
3598
4296
90592
80167
115950
403313
83597
8106
240
254065
130940
797
11136
94274
56923
64418
79802
84522
84969
114134
64388
9951
51081
145853
29967
79959
8807
7297
9211
23317
285268
140801
8036
10657
115948
374768
2173
118430
22865
4613
6907
59352
64285
63908
84455
60
55539
8508
344752
64149
26145
337882
2542
255798
2005
220963
9585
144423
3443
5475
1496
55937
80731
57488
29
7109
57574
60626
242
2792
4988
8153
4145
3614
2527
166863
706
84303
256281
54621
96459
10848
978
9080
79623
11127
83464
155435
3588
27201
79902
7681
83861
51008
80709
10098
29088
10002
269
6595
57826
55208
2304
57562
9467
9517
64854
79724
3305
84899
64975
51268
84517
677811
79092
646870
5426
1143
55811
642475
4745
312
56477
10634
26258
54766
8842
9205
146330
3074
24138
22837
14
5985
100128927
129852
128989
9808
2475
55207
4292
1089
10121
9532
10716
56169
25770
8480
8521
5531
10736
57223
10411
3849
94081
54534
25980
9375
133690
3093
7803
9709
5411
780776
9810
5533
340075
388507
225689
56131
6396
7079
26160
11279
25874
8808
3069
79697
3065
27299
55190
201931
64111
127428
55929
81545
151987
51256
92856
51079
55573
80333
6779
51340
64122
7678
29802
55119
9248
8082
7512
53339
51251
9162
138065
79640
1788
7317
3586
9597
135886
265
23358
9980
63974
64174
256646
10472
89886
286319
1572
23033
10560
5875
8309
126374
442075
55778
79637
23007
11181
57521
161247
51118
8872
5626
79784
3549
4647
92283
55631
51573
132203
4659
6527
94086
2553
1800
84135
23170
83450
57605
6899
8612
23381
26000
7293
1603
79269
93343
122809
2583
53981
162540
64409
128025
29999
338799
125919
51439
79696
131601
4495
282973
9552
389874
9820
28988
55061
6656
10344
134510
56850
5306
153364
57679
523
56181
23562
29079
7402
79825
8938
1144
80306
3860
3883
10266
5588
55038
10208
23683
51649
29915
27283
125113
22997
1435
5801
55172
54788
84896
84451
2702
3866
65018
79001
23612
23410
4832
51058
7484
25987
388403
3840
90199
85451
23057
6504
10408
10495
23386
5884
1389
27154
167681
84905
51310
92815
55879
55070
374877
143279
64129
4440
147807
23308
9616
3906
89822
162394
51114
5620
25925
23046
10935
84519
4698
51111
372
57644
4709
7074
4205
27293
122961
27130
54952
5608
154288
55110
5504
163404
55703
54811
138241
55227
55083
163175
79078
25794
7375
26253
3084
2938
89944
9947
340385
283507
10423
10188
27183
1357
374491
5598
552889
3249
83447
1586
4152
55761
8498
2257
199692
5226
79644
55175
55920
10903
7564
63910
57614
5151
143630
6522
136895
10087
9310
221302
4700
23335
54554
53349
56916
121457
23385
339479
51100
65062
10946
10645
59274
9578
5211
5121
7498
84557
51307
3170
8942
6182
9717
5619
9777
51188
339344
6993
2975
5441
83999
90637
7695
3620
5437
55750
8651
81542
122553
51367
25953
54937
654433
9063
2707
23644
22884
51540
162515
6861
2845
387893
705
150274
5184
124599
10871
10607
6769
51805
5878
54522
126393
359
55664
4148
7957
417
93058
6536
540
1857
51250
51451
1178
389812
55100
5805
5422
5810
55367
6005
167465
64428
57149
84504
139728
2849
23144
283254
5244
222643
147912
84634
25776
51264
221002
9726
3480
2140
9732
56907
5689
138307
10813
125228
256126
22954
25920
23223
54899
157695
3192
8636
533
55290
260425
55632
54093
146198
6455
83931
2980
80115
57403
78986
11234
686
6854
8451
51084
64769
144715
5570
1718
91523
865
4552
140687
84132
65108
1671
162427
9793
124045
90701
6473
200504
11007
1236
57472
79669
64180
128061
85464
57699
23510
9667
166929
57533
27329
80329
1767
6360
430
7332
122258
6119
10195
9123
23218
387695
4435
7857
79094
23466
11345
6121
1207
5972
1237
29063
55765
54876
51104
3626
83700
8273
770
27159
84229
668
7004
89849
114932
284996
29988
1212
56659
11337
990
166785
219749
57692
26502
23288
4857
29943
134637
79574
8604
2736
3705
2206
1071
7528
11077
56255
94120
9933
55796
4836
1058
8549
51321
10166
7134
65220
3080
6240
10569
153768
375748
10534
6414
147323
5950
10880
599
84869
10538
7343
6988
9825
6548
51412
124093
9028
112609
221468
3291
10099
26108
4085
78999
4908
404672
85397
2731
3820
8045
55182
55905
29916
1727
166012
55173
57580
130888
5104
113000
9187
55646
23368
259230
23155
56898
29882
9142
84328
2931
6754
6560
143888
63035
7016
79853
23462
23129
23065
5617
133746
79944
57707
2900
79025
80824
3172
10591
22902
6367
26287
6903
27238
64800
9628
57713
1534
79639
60385
9573
339829
9477
84337
6404
161931
57095
9905
219743
8744
51005
64091
83591
79154
136306
3010
55160
6869
613212
54210
7879
100131454
2063
5152
100131816
58513
10985
84465
9882
81611
29907
23590
28
114786
57700
89927
63948
836
5307
266
256006
652995
92949
83869
55359
254359
256471
54894
4649
253461
55624
133121
1949
29775
79035
6746
57211
23111
54627
132612
64773
6100
84326
55191
126299
387755
8576
54784
9175
381
55729
84617
79750
10969
2874
51327
23553
23299
10245
10972
79006
129080
2315
8707
57670
51184
286676
28974
3508
27112
5201
164284
60412
11316
54512
57126
23539
121355
84875
79810
3326
56987
5746
6518
3306
9581
55833
51135
2312
399717
11070
29901
55808
9853
146212
6880
79834
80003
55669
26065
55571
79587
7761
402415
64981
128497
84448
9015
6688
4158
91133
23040
8434
3456
2894
79047
4141
11104
55515
7415
7539
134492
55219
25853
10603
51302
112483
441024
284131
643155
2079
5369
1353
6374
79629
51032
23526
92749
90809
27095
8881
158584
8269
6539
54828
25979
4135
644
25771
25862
2780
5203
399947
79577
221035
201292
5167
128308
11236
2330
1376
29774
51163
4488
23225
11164
23529
339221
151473
23397
8170
5798
54471
51371
8563
221496
10175
3050
90525
1497
3993
186
374920
79612
284114
4142
80173
4879
11278
10687
255738
79977
83461
5690
51209
79974
221955
80352
6278
284695
6736
9945
84910
6947
57099
57509
9727
375056
10039
8178
445
7580
6835
219557
57326
144100
286122
57393
10262
4882
7158
641
151648
90381
55327
23475
84216
1582
2913
83547
79571
157869
327657
3698
30968
84286
56970
90161
1114
8970
51719
55147
54939
10297
4858
5045
29093
81029
54913
55755
10622
8795
64147
93145
10957
26257
4713
9097
57482
257000
441208
90993
782
116983
10193
30845
256130
8976
5348
7850
143503
6415
124044
170082
2739
115509
23594
80816
363
129401
8218
55142
9527
9962
54737
10253
23300
26038
1958
90850
6847
219790
9496
695
55907
8439
171586
5457
145864
25789
23157
57460
9337
8851
114904
10473
342979
3679
6274
5037
23639
84285
9801
53841
440944
55500
8698
51092
4967
8607
11030
9802
22834
375196
27097
55613
51661
4641
191585
3561
29122
29947
59349
11273
4928
10885
6441
57511
10219
116832
54360
2248
26164
284340
148203
79139
9455
165186
9760
4978
155185
1510
8481
81608
55128
55552
23118
2582
6491
6520
6792
54541
4345
374897
29979
5530
8484
7813
9215
9778
7712
9924
91181
8506
51616
83594
23196
27127
9881
51440
6457
5889
80309
5430
54854
3714
143689
51290
29895
9390
79947
10454
54960
130617
842
79885
8943
339324
80832
221092
256435
155465
81607
11274
388335
152503
123016
129685
3229
51131
6545
7565
7566
284111
60490
10125
116379
29954
25973
85456
26525
55690
8535
11052
165721
84750
3207
9692
196410
222642
9486
80714
114799
10277
1852
10633
85416
117145
29128
283932
4504
4326
8645
22924
345
3425
9404
100287290
9607
259217
344405
136242
7782
1593
6511
284346
64506
5921
489
144811
80152
7188
8737
346689
56157
147339
7849
78995
57496
79091
128272
100131112
9191
1135
5601
28985
10237
1417
9076
399949
340419
91603
146853
84073
419
140738
6654
79152
23271
6483
8602
54764
8896
149628
63917
55593
23180
57505
23379
115701
6707
3932
7421
5784
154214
2740
51341
2224
5770
79671
26278
1447
1081
27123
79738
25929
319101
317761
83546
170589
55201
56931
126069
3183
221476
1101
256364
27348
57165
4634
90843
27
84900
6354
123169
4163
6694
3978
54851
399909
9823
83873
3832
10276
389203
11097
116135
10955
23503
83661
60494
80346
23295
10474
163882
84881
79616
4763
79184
26175
200186
84467
388591
55349
158293
6492
9052
24144
146857
283551
220202
7718
53373
84915
8270
642946
7483
58476
55558
65057
7268
6521
6487
5279
124402
59353
59307
6229
7326
1595
10595
55316
23654
343450
83443
51720
1445
375616
126917
51806
6751
255275
529
7716
285203
7508
10573
204851
7325
7733
7425
169436
79590
29086
56980
55748
388389
55665
389289
84632
23550
10235
79149
3957
10588
2937
8395
205564
1999
1748
6693
90826
79843
2696
11255
8649
388650
10961
1182
5286
5424
26057
4324
79364
27257
51567
387923
163688
6716
8856
9973
10486
284076
283373
56171
23262
57661
2987
216
27250
79683
116225
55860
6788
6897
9762
7410
940
131408
345630
1063
23326
11079
29066
55226
84945
3895
7517
29941
220988
6341
51324
6567
4640
51555
400242
25777
388567
89941
9425
79874
84984
999
63827
23224
8993
285753
9775
168090
10401
285800
3452
83694
9474
79645
84952
7316
84181
23038
8675
30820
84083
57479
57448
5190
267
83723
4620
153328
161882
171568
55701
145226
6708
486
4654
8195
55105
114043
51249
135892
23228
49854
4320
9463
80298
2814
3386
5062
80243
1757
3516
7593
9956
54807
2288
5319
340390
8504
51283
60592
8538
5439
1233
57125
29985
7710
81876
83451
166336
5075
142689
84253
3239
9816
29796
129790
153657
134728
164832
8820
84336
220965
23169
10917
440465
2890
8313
54680
64184
9908
64847
120534
8446
1907
79595
4716
51266
124401
8575
63895
10452
29070
57142
11218
55697
146722
148696
245972
440184
221545
10683
10018
1735
26984
84108
4673
88
196477
5191
9675
671
6346
9238
79132
10068
176
84681
55794
124245
9372
158800
29074
25803
55024
6895
55311
10975
9918
79873
5718
2137
84628
64130
170062
140686
7265
51069
694
342977
116115
128646
54819
90249
23172
387082
9583
3338
6356
340481
23560
124056
51255
1024
50613
26173
3236
26499
29923
3965
10670
6777
84261
91156
6474
3454
1731
146456
29803
114823
84640
84267
131578
401546
891
126626
9073
116
2189
112950
25886
28511
1163
219681
23373
4751
30818
7737
100129476
51350
10105
7541
2323
54466
553
7525
8900
57048
8314
79816
56269
113179
6328
441061
8894
64789
11264
883
22798
10869
8444
91056
9107
158297
51006
5210
79369
23070
26266
131669
219988
92104
146923
83482
9706
2762
2830
158062
3851
339105
1208
4050
153579
90411
989
10587
245932
6647
27243
2039
284359
53632
9927
7392
11186
55751
26211
23190
5793
90019
118611
79682
9170
56963
9710
421
23545
22897
79443
81609
79932
115749
1952
55347
286256
60561
23101
158381
84647
55179
84264
25896
205147
3976
91039
63891
5153
257397
9341
11133
9832
373861
89910
10893
162417
5764
337
2782
57604
10097
57642
126410
5128
1346
7419
23140
51241
9913
202309
84306
9108
23315
3565
434
256236
83481
29105
3684
54832
26056
84612
283337
22921
10049
11004
203245
140612
9401
656
1315
8085
51004
93436
7837
85377
84924
79962
64093
57593
146434
55034
54826
387103
9313
375287
285908
65249
83986
29090
84313
823
284402
145553
115352
6636
440699
7873
50624
51538
162
2999
55567
220047
90480
11142
3204
55339
29800
9617
4161
121601
79763
84440
23105
81929
271
10257
170487
8438
123970
10682
57662
374393
3780
81569
9943
146852
177
10846
284836
5423
51098
905
140290
5157
51449
5379
23401
84513
3763
10327
80324
56900
5800
64112
22843
8394
5984
5597
9575
2823
1365
283869
55163
4671
63933
64689
1201
51621
283208
23395
79598
64344
90288
9817
6199
50617
4117
10647
2857
166752
84274
3070
1300
27044
9409
83696
5818
1825
5090
23093
858
8409
10878
57685
125476
10270
4110
522
10204
8878
51286
140836
5540
3706
80313
5266
10481
388323
2819
5536
79991
84922
55829
55739
403314
84249
140458
9167
80219
3174
25817
4839
80856
84680
442444
116113
158219
3004
996
57038
116541
57716
55135
54993
60685
83590
8739
25959
57610
3784
6742
24140
84916
79643
27242
80144
58506
1506
28954
27436
285489
6657
56919
340277
7562
84063
9623
259236
171169
1585
146712
4059
57156
79038
285888
151174
27121
84340
64168
6444
7040
163589
55
164091
130026
3007
124454
129881
51232
3985
1770
201255
79734
167826
171558
79982
7980
121227
22917
10406
79794
83884
9784
55721
4026
2950
51009
206358
83875
101
9672
55700
26093
149111
23294
2294
54778
6710
644714
388714
375189
738
731
54516
10824
5568
9050
79777
285282
84939
128821
23516
51127
51096
58480
114
29103
55003
400657
80207
253152
58158
27236
8242
135114
27076
51701
9733
63935
5912
57461
9261
1876
171546
84759
51270
6003
4097
23786
51013
344
3594
346
90861
84240
4665
8559
9742
92400
8664
25775
162083
8732
55916
2029
79073
5611
26608
197370
8906
57106
51314
6722
4862
1571
92797
266977
4343
93210
9957
345778
23195
2909
11154
5356
54097
5352
5705
1662
9610
9322
56
5999
7532
2963
6596
10665
2965
389058
7001
28986
3681
151258
152098
10430
64750
10363
10973
4902
51067
165100
7083
84439
51065
170825
284948
4591
120103
23177
6602
9937
26526
6659
6992
84191
11165
79596
148811
414918
829
8034
6598
55253
93487
8031
51733
26205
2192
160777
526
79833
57571
9294
84310
64084
160365
1434
56928
83604
9556
389376
28968
29780
29899
9055
4675
9796
147837
3054
27022
4336
440867
51233
139170
58497
1947
56954
819
3222
144347
146310
83658
6741
158067
8738
5376
9144
405754
5563
84079
2342
91304
79814
9662
27245
6477
55148
81626
8666
79187
81606
1524
79058
9478
189
4248
79740
261734
151188
55237
8091
5496
644890
138429
6014
55297
1181
93081
65095
10858
60684
1487
153830
3660
54890
51388
55731
57646
7173
122616
23013
114907
9553
23237
64100
85007
7581
84503
9711
79712
58511
841
2905
2747
83697
83549
111
4306
5335
54896
5756
57547
23
8534
169166
80119
152118
10963
147525
23078
6588
6017
10161
51287
10566
993
284325
952
26511
1479
6531
7189
117144
7771
84280
3607
56287
54797
3664
23765
147949
6692
2585
109
1723
7009
7376
79879
23181
5501
51343
51596
57030
1791
9134
25799
284185
51016
57404
483
441476
23205
9925
8817
79754
9150
220001
3622
5887
3848
161779
113829
57674
81623
9889
91522
29982
339977
79088
6324
91445
51167
1464
5354
57473
150383
9555
166793
443
5826
6814
6010
51060
9459
84848
84033
83636
64772
7913
55213
7443
140699
9605
161253
26190
23268
6794
4494
84501
92745
491
10838
79414
23428
84833
4728
50855
9412
375607
79081
83698
4904
7033
65243
160728
375775
84206
8140
3617
8565
10299
26151
1232
6332
10077
324
29099
127544
7699
200958
54808
91977
3834
23309
7225
352909
2811
51083
84536
5682
4983
57575
63904
10422
23547
56985
51077
4093
11126
22977
440934
399693
79919
3547
158724
376497
830
26268
5891
339448
157310
9255
57179
23099
23460
51534
7866
795
143379
2523
51281
122769
57418
170712
84626
1102
11056
10067
55304
23400
5995
5046
3801
4126
54437
54700
1789
140732
84996
23609
78997
51442
167838
126969
200205
401647
55300
6908
10362
84992
57001
23531
83866
57504
8243
57697
400954
149499
55092
5966
285877
25966
85026
55512
6247
339965
5301
286077
152217
81693
57192
51124
10134
547
4853
80194
81555
6499
92335
80772
124857
112869
6370
79906
9902
641649
7694
8988
57537
50485
84630
346171
124404
55129
5498
165140
85460
27349
23139
1084
57222
55788
80153
11156
51634
22981
80741
3219
114827
57710
147727
84870
3954
284353
9764
25894
94137
4107
154664
5436
9982
125058
2705
54502
23352
9087
26118
171484
284656
9658
112398
90233
374900
9813
23256
374470
30
5445
10728
9637
2322
84254
116984
55140
51397
57617
9950
5717
60437
22914
286053
54207
401474
5582
64848
26128
22938
30009
10160
80198
9761
84449
91949
22826
124935
81558
27124
57680
10550
7439
401145
23252
2121
8811
3208
145873
2647
51390
79722
3596
284958
554235
54622
1267
140700
943
1129
27249
55638
5908
56849
10109
80018
286097
10771
8803
1521
54897
200132
23435
3067
2806
11174
8907
50619
8766
5814
81502
6283
399967
136259
1917
1410
9963
57830
54929
3002
200942
1544
6723
80179
8431
58483
55109
116151
84872
79918
2820
158431
79090
321
92369
23108
90693
8027
80854
51400
91782
22911
80746
163351
3904
131177
56915
27284
79159
26519
9394
57555
51535
10540
9051
64753
2157
64949
116179
6570
221477
54852
22795
162333
3833
56300
9389
1769
347744
51692
56956
7181
203286
80789
8683
26648
54101
22908
84330
7482
54930
9022
6697
159963
120227
55532
64327
8547
113189
23440
283174
6915
54872
4598
219738
374739
353299
85369
23569
55178
51035
84219
283130
768
196051
51337
9338
89869
90523
202333
94025
23514
57111
146664
3336
1493
10038
402665
10101
149685
125061
54346
84141
6416
3042
4632
6810
2135
147111
3797
8886
9016
9381
143684
11095
11232
9609
7936
164127
23264
404217
84529
8728
9922
79876
79573
201633
93233
10814
142940
23568
10045
285175
55687
84317
79869
9580
51507
23623
118471
8669
3005
158055
80274
7050
64425
84444
23505
9427
115584
10643
2850
91300
10223
151
824
1859
23484
79446
10966
155382
284459
160762
9807
51529
2895
22976
8487
1395
441666
2692
203076
143384
51637
9173
55027
1456
9468
11177
1310
51078
375323
92154
9156
8529
63036
89845
4691
51145
5694
8189
5994
55915
8897
9506
9296
613
494150
2766
55898
471
84056
2683
27294
89953
54869
9128
84232
3201
170685
576
147798
4948
7318
23031
27087
283927
784
81285
1819
2976
55040
57804
10953
100128653
10942
140690
4482
29998
56652
5799
284424
64976
5716
254042
7140
341405
54943
3735
2118
538
57864
4943
9470
93611
944
25855
115399
55619
140730
148304
169792
79736
5469
9859
112752
56998
10629
339451
83746
84560
347734
1965
80224
60436
133619
55102
493
8569
551
54602
27013
1020
79594
3982
3579
29959
9320
91752
123099
4610
151835
4633
54507
65078
150248
128434
387338
22845
28981
374918
10263
64755
10256
154865
317762
26240
10609
23354
1587
7124
55718
8048
57523
283238
64781
285962
84124
6528
140856
440087
2160
145946
84516
8317
6049
65977
54623
8751
7760
8930
3375
29969
86
9342
1775
160851
441631
25926
1109
23443
157807
57115
5549
7270
84623
84851
64403
55210
83539
2901
221416
3360
8775
84290
4350
64118
136647
146802
6867
835
51151
56927
4111
127845
3158
55095
203414
130560
4236
912
85417
90355
4351
10570
56475
3670
54944
205717
774
55764
8340
57724
9166
5150
54469
253012
84296
51614
283537
5564
220064
84164
192666
143879
84929
9851
1183
5692
6749
6827
915
91646
26239
2091
27240
100128288
9153
22838
57082
5961
83887
1019
254295
84085
56888
25844
7625
56606
1821
1137
10314
5245
55799
23197
25821
115752
2115
8530
22846
55693
1488
56996
51001
6894
54813
4595
79084
4501
57406
201456
25837
284992
79677
55048
114926
55623
54914
1616
3096
26048
121642
57595
54934
27030
79778
63979
79717
7862
54472
51501
130535
266727
113828
64397
29944
23615
6690
58488
146754
57613
4087
158801
8608
90141
6829
79018
255967
23064
6721
153770
923
284023
93380
9274
5134
143903
5587
55187
1069
2584
4824
64778
9622
51305
257364
55753
57215
4778
55741
247
8717
148022
284680
84446
374403
23016
9939
6940
79363
9290
6834
54503
113451
26532
55486
2565
9898
255043
161514
9399
79799
4049
7494
375612
54586
128826
93129
56912
10576
5527
81890
51309
84223
80222
202051
191
10998
6860
144108
388662
83460
28990
26999
29881
10810
4225
283234
83463
79786
7464
9787
219541
116986
339541
163126
219927
353274
1124
64979
51368
284009
81894
55006
1635
6865
81794
84930
2979
2735
253738
151393
54551
4043
410
10667
115560
2868
56884
79957
112939
10217
55181
84447
4990
129446
28977
84305
57092
127670
6715
1508
10047
81887
27198
22870
22920
1441
26231
158960
2671
3881
94032
10155
66037
5816
7174
5754
29958
9938
6938
79875
11131
22806
346389
4715
1600
375743
27063
6581
23555
9135
56261
401612
126006
10690
60686
3092
79891
55971
4130
79862
6407
23508
254263
403
124637
550
29767
150350
10745
3352
5158
11012
57130
84620
122509
1421
146439
54957
9896
6731
374569
1014
27033
4496
4104
6737
79922
7706
123688
54933
79946
11283
441601
55156
90407
153478
56063
6293
126520
284358
151742
149603
10036
1059
5433
204219
91252
387921
55425
219287
54676
100170841
30817
440400
55726
3783
3150
11108
84173
9416
11240
79570
54468
57127
7294
4846
1763
84445
8554
4807
84217
51319
23557
54857
400073
572
54475
29886
5971
6586
126536
26147
159195
114879
388228
57585
57132
7357
221927
85437
280636
162514
64693
8120
388610
7360
114826
55072
5602
79979
84105
55530
23682
10900
10361
5338
55004
93100
8763
79622
65997
57158
79760
51134
727800
3787
7059
7504
8514
2627
10749
2071
56254
80227
9202
23768
51311
81605
26085
84676
10960
53407
10133
1557
132789
339123
29110
55630
7223
4791
202
4887
84320
84450
2261
5048
121256
54726
6683
414157
23399
114790
118812
643236
9625
79693
414927
375035
10983
10799
5861
1633
9632
23624
6819
10484
5932
5687
10625
130074
79102
64089
3615
219990
80345
388
4726
51225
3440
255631
4040
219771
253143
8786
113622
80764
56033
9589
117245
350
663
10755
79171
146849
10762
51429
134553
2324
91464
10062
9700
57514
29894
66005
9533
51696
5409
2166
286410
5528
746
23671
83592
55363
11082
339229
1361
654429
4072
11342
9516
133686
25981
64518
10332
2843
5578
5731
116987
5304
2535
567
56893
25984
55845
9410
388951
124842
65989
5933
83890
164395
3337
56165
55974
389123
6323
55681
147719
84734
3034
87178
91
30849
5510
26515
154796
55355
63875
8838
51317
80209
9388
81618
54456
58526
118426
58190
11078
84221
54474
3163
83733
1006
8310
149473
8237
29125
25870
85455
5708
5986
5148
221472
142
729614
1677
1734
1798
51126
55742
127700
9094
338440
22904
51594
4238
79000
4038
83941
80218
348378
517
27352
55802
117246
23005
4103
10057
84302
10612
56651
10329
51374
26610
2935
132989
3167
140707
146862
9328
6261
6714
983
55610
220359
25938
256472
64220
115827
79735
80256
5432
5710
7290
5949
8986
23532
4843
53938
196913
79135
5449
81796
340371
9600
340206
1797
51513
1399
4741
51239
51012
56965
10938
80007
22818
3373
30827
54863
9152
23119
388946
7549
643338
54994
51629
54059
8971
51207
152518
7155
144165
130752
5064
5253
3757
23094
6286
8659
2642
51198
55231
653583
2060
80133
6663
53354
6345
2873
79823
25937
146225
84437
51611
245936
7321
1004
51537
3903
5009
80145
8704
4255
3295
1032
8818
7078
55643
117583
643866
55314
3980
84066
2787
8326
55220
7099
51603
79651
23272
57647
617
10403
23112
164045
162963
132
28958
5780
27338
29785
9646
3467
57128
11235
55296
138255
79931
5447
29956
283135
8724
4224
11237
51071
11228
4636
130120
6036
6879
80063
7091
10397
1584
27433
79661
10907
1540
81539
84876
23495
55329
81892
54662
388566
29984
282890
79886
23149
7414
84331
6760
3382
54664
23607
10273
115708
84733
94026
765
51200
22934
83544
9447
9169
844
22827
911
10347
63977
402
6923
5539
79782
400581
4771
84266
84940
84545
80008
3984
285521
10782
80320
79585
55814
55722
81789
112936
55798
197258
5350
23349
8788
57171
83444
6320
8883
10013
132884
64863
157777
116238
92715
10533
57579
389362
64398
141
3663
1261
9900
51361
374786
388796
163050
55143
9476
9989
60559
92359
156
9147
107
654790
2804
27190
9915
9049
5836
2165
5002
147650
342898
25842
51406
27134
150677
10280
400941
84284
10904
3631
10301
205251
64232
57121
4656
908
112970
150726
64098
64216
84133
10446
1755
133558
131965
80210
29842
219333
11130
23528
9344
54462
818
254887
54886
260436
79618
83637
9543
51117
23214
220416
255520
10265
3354
167
8493
9136
440993
80312
1861
9289
157983
51693
248
10220
726
8581
3855
57143
84891
54965
56910
10856
5149
26269
3674
26224
631
90522
2990
51018
285368
11124
84172
91289
5558
155368
6502
10926
196541
7367
2139
390616
10388
400
80232
199964
5603
387856
80221
158
91869
8079
199786
55651
6468
55734
94097
54820
84890
3703
7727
55586
285973
10143
896
126248
10817
148252
583
129807
84064
223082
4804
7226
26086
3321
5016
202374
8239
285148
23732
6785
10842
222553
6712
5664
23451
55197
55222
84283
83541
81572
113130
7298
441168
26223
130502
65263
5790
54902
8785
9682
93979
64710
5913
54461
642980
90625
9739
11171
7832
8019
56125
7020
124997
79867
202299
8193
30836
164592
5593
80307
7780
84265
10331
9949
6165
11339
374355
1108
22841
93323
4064
37
5894
84433
80775
51276
26354
81691
347853
283576
80129
182
79744
174
9909
7064
2833
83937
91748
127391
55364
54959
57468
9953
4176
2697
90668
9380
284367
360023
11184
8078
162966
5655
1837
90956
7113
26659
57689
10768
125170
10951
56159
55964
1760
7456
84937
64837
63922
11247
3237
9185
9525
91147
646888
5630
10589
339230
23162
55252
79368
10815
51734
115019
343637
5550
56941
653808
57705
9837
919
25850
10434
51633
2015
79143
11000
2181
7098
27330
762
124912
64858
347902
84941
8927
55968
56479
5822
2636
5794
55010
7746
347862
79068
2319
55330
2301
7915
153733
5199
710
79605
79822
23592
29904
79412
9352
150696
150678
80045
890
57569
146705
80331
122953
1877
137492
54107
5917
26003
2046
440712
84951
10959
81932
55757
3720
113878
57447
63931
94107
23523
5024
63976
334
10630
56673
7447
79002
56172
5709
783
8794
5590
83439
7547
200316
79716
916
11180
257240
29092
79850
6532
246176
26040
10606
25946
54936
4987
9741
23241
8291
387509
60312
51168
3217
83394
81544
287015
5281
2329
284069
27161
57101
5903
2314
79003
10952
23127
79785
6284
7355
30834
9070
4094
23135
220992
11187
23066
10089
3688
2960
256380
785
23208
23635
3741
64857
376267
755
574029
54442
51182
3422
10369
10113
116349
196264
84236
11018
79877
84432
54558
57168
54989
220042
200312
159013
51631
254531
9526
27239
60598
147920
26030
10723
84245
27339
22950
90204
2592
3772
79075
149650
51526
1813
85443
2686
29091
5970
4168
2208
1297
132160
1750
23279
2706
58510
79589
16
440508
9716
56647
140710
56889
285601
388533
140625
389114
958
201780
2908
5909
932
1944
729967
6262
1621
389072
23037
51642
50
9278
1379
158038
125704
80757
5481
85453
112
9715
25830
7186
317649
23625
343035
2842
163183
54769
84978
7732
57721
80006
50945
7322
118987
57188
4923
554206
149647
89765
1418
1997
80349
84953
10120
163033
9518
362
131034
91442
8668
140831
7841
9129
80036
53344
64072
55800
161357
5714
4074
5869
155061
84693
10296
8342
222
5110
284723
55689
27241
83638
4669
1669
11258
170394
26100
5345
83693
6625
284422
7105
84443
26043
5293
80125
10656
80161
57062
6478
79858
1991
202181
79023
54925
118425
10410
29978
54738
79830
375057
347730
7643
340547
55650
80230
51763
5813
9570
147685
9792
92305
970
10380
23193
113746
56947
10083
7106
66036
57633
23174
221711
90121
3609
5119
51715
54953
10426
148156
140453
138162
51143
7772
94234
84441
2783
55745
55093
816
124995
115817
84657
146395
84518
5516
79672
55611
204962
54998
22794
7159
4888
23062
115704
6259
91404
9319
7006
64925
116412
55421
131540
256979
51115
51073
53615
9942
54756
286128
5458
3581
23673
3750
51133
7434
60468
399665
11160
85438
10993
89853
84954
254013
139231
23457
84798
10084
55815
1870
154313
3690
23527
8187
9746
340554
1795
8972
134265
8740
201514
148223
729993
84294
83787
23275
57185
286234
2264
202243
6904
9615
2196
127396
10908
29937
80005
5013
10498
56623
55422
6449
26230
51706
51352
5639
6575
5204
84918
90378
10194
5868
150291
388284
5729
25814
2242
3198
147744
2925
221188
7205
7216
722
8450
5444
5697
84435
9443
51090
127018
85414
6442
143241
10980
54905
6553
6943
8723
153527
2116
23102
125206
80122
55653
1653
124975
116844
55195
84365
51700
79767
55152
79175
150622
5130
374875
9812
219844
5629
50937
81629
2623
2109
30848
27296
81688
4258
4677
23464
255252
25970
123041
8468
8887
56949
10640
84366
158798
51744
3562
201305
54708
8541
157740
55353
25917
84287
30833
402682
54065
54542
9043
4113
2625
90203
3376
1174
7374
5362
26148
140876
2348
29924
11334
56961
11222
55572
1128
55636
4184
4361
6883
170302
2911
8898
2175
10866
64132
54620
25950
282974
9929
7840
10636
374387
27153
64326
23302
84553
26168
10365
3779
11135
2738
6302
145376
3651
81857
128239
126668
29083
135154
84067
146050
729359
122416
245806
648
10535
89890
2037
2882
84889
1033
80254
3709
10123
283600
5322
6498
100141515
79870
55668
9437
64240
10254
58512
58504
51738
575
7696
54861
26260
399979
144132
151556
7976
5479
339483
283149
790
127294
80831
58985
26017
7407
126526
22984
152559
149428
7336
652276
57140
3434
1369
114784
63943
5028
11099
6649
158399
92960
3818
4288
8482
29965
25934
8774
9092
6158
64328
54585
26212
402573
5188
79140
63901
25818
26
3082
79774
58533
89782
85403
84072
122664
55176
400569
28998
23030
138151
152
91768
25921
84572
83607
64342
84688
10482
79673
283232
285464
51027
57553
65267
78994
29085
54969
7515
9811
51454
23025
25801
23474
8648
284415
256302
4122
27285
390927
10691
57622
590
55035
57189
79846
8208
343990
25833
1936
5225
25978
54143
348093
10279
375759
10864
56650
56853
56704
2572
8550
8099
158586
10580
11093
57795
367
6713
26471
145942
7476
115572
58157
51234
51647
65268
80835
1147
64856
3692
7334
51141
51022
1761
129025
254050
89958
955
11285
2903
29957
149018
8567
6662
63877
55066
135927
79838
5546
5141
635
222658
